------------------------------------------------------------------------------
AGILENT ICT FIXTURE WIRING REPORT          Wed Dec 30 22:17:31 2020

/Users/talhasehgal/Desktop/_dev/fixture-processor/references/reference_example1/wires
------------------------------------------------------------------------------

Fixture Type : Agilent SimPlate Express
Fixture Size : Bank 2
Fixture Part Number : 44200S
Top Probes Allowed : Enabled
Autofile : 2001
Units : English
Wiring Method : Automatic
------------------------------------------------------------------------------

    ( Pin )   [ Probe ]    Length = in.

                |     From      |     To        |     From      |      To
Length|Ga|Color |(b   r      c )|(b   r      c )|    X       Y  |    X       Y
------|--|------|---------------|---------------|-------|-------|-------|-------
   3.0 30  Red   (2 13.00  15.0) [2 13.48  30.9]  114111    2275   90218    5608
   6.5 30  Red   (2 13.00  03.0) [2 13.48  43.5]  132111    2275   71320    5608
   7.5 30  Red   (2 13.00  09.0) [2 13.48  56.1]  123111    2275   52422    5608
   7.5 30  Red   (2 01.00  15.0) [2 10.78  30.9]  114111  -81725   90218  -13290
  10.0 30  Red   (2 01.00  03.0) [2 10.78  43.5]  132111  -81725   71320  -13290
  11.0 30  Red   (2 01.00  09.0) [2 10.78  56.1]  123111  -81725   52422  -13290
   1.0 30  Blue  (2 15.50  41.0) [2 14.15  41.1]   75111   19775   74893   10302
   1.0 30  Blue  (2 15.00  33.0) [2 14.50  38.8]   87111   16275   78340   12749
   1.0 30  Blue  (2 15.00  41.0) [2 14.09  41.4]   75111   16275   74571    9919
   1.0 30  Blue  (2 15.00  42.0) [2 13.98  41.8]   73611   16275   73929    9154
   1.0 30  Blue  (2 11.50  47.0) [2 11.18  41.7]   66111   -8225   73990  -10449
   1.0 30  Blue  (2 10.00  42.0) [2 11.28  41.8]   73611  -18725   73929   -9744
   1.0 30  Blue  (2 10.58  42.0) [2 11.24  41.5]   73611  -14631   74311  -10066
   1.0 30  Blue  (2 10.00  41.0) [2 11.39  41.4]   75111  -18725   74571   -8979
   1.0 30  Blue  (2 10.50  41.0) [2 11.45  41.1]   75111  -15225   74893   -8596
   1.0 30  Blue  (2 10.58  43.0) [2 11.40  40.9]   72111  -14676   75276   -8917
   1.5 30  Blue  (2 15.50  42.0) [2 13.94  41.5]   73611   19775   74311    8832
   1.5 30  Blue  (2 15.50  38.0) [2 14.05  41.1]   79611   19775   74954    9598
   1.5 30  Blue  (2 14.00  33.0) [2 14.10  40.9]   87111    9275   75276    9981
   1.5 30  Blue  (2 14.00  63.0) [2 13.98  54.4]   42111    9275   55031    9154
   1.5 30  Blue  (2 10.39  36.0) [2 11.23  42.0]   82611  -16009   73607  -10127
   1.5 30  Blue  (2 10.00  37.0) [2 11.35  41.1]   81111  -18725   74954   -9300
   1.5 30  Blue  (2 09.50  28.0) [2 11.28  29.2]   94611  -22225   92827   -9744
   1.5 30  Blue  (2 09.50  31.0) [2 11.24  28.9]   90111  -22225   93209  -10066
   1.5 30  Blue  (2 10.50  21.0) [2 11.40  28.3]  105111  -15225   94174   -8917
   1.5 30  Blue  (2 09.00  44.0) [2 10.83  43.2]   70611  -25725   71742  -12931
   2.0 30  Blue  (2 15.50  63.0) [2 13.94  54.1]   42111   19775   55413    8832
   2.0 30  Blue  (2 15.50  62.0) [2 14.09  54.0]   43611   19775   55673    9919
   2.0 30  Blue  (2 15.50  35.0) [2 13.93  42.0]   84111   19775   73607    8771
   2.0 30  Blue  (2 14.50  32.0) [2 13.88  41.7]   88611   12775   73990    8449
   2.0 30  Blue  (2 15.00  43.0) [2 14.50  51.4]   72111   16275   59442   12749
   2.0 30  Blue  (2 15.00  45.0) [2 14.10  53.5]   69111   16275   56378    9981
   2.0 30  Blue  (2 14.00  64.0) [2 14.05  53.7]   40611    9275   56056    9598
   2.0 30  Blue  (2 14.50  63.0) [2 14.15  53.7]   42111   12775   55995   10302
   2.0 30  Blue  (2 14.50  64.0) [2 13.93  54.6]   40611   12775   54709    8771
   2.0 30  Blue  (2 10.50  46.0) [2 11.80  38.8]   67611  -15225   78340   -6149
   2.0 30  Blue  (2 09.00  27.0) [2 11.18  29.1]   96111  -25725   92888  -10449
   2.0 30  Blue  (2 09.00  28.0) [2 11.39  28.8]   94611  -25725   93469   -8979

Page 2
------------------------------------------------------------------------------
AGILENT ICT FIXTURE WIRING REPORT          Wed Dec 30 22:17:31 2020

/Users/talhasehgal/Desktop/_dev/fixture-processor/references/reference_example1/wires
------------------------------------------------------------------------------

                |     From      |     To        |     From      |      To
Length|Ga|Color |(b   r      c )|(b   r      c )|    X       Y  |    X       Y
------|--|------|---------------|---------------|-------|-------|-------|-------
   2.0 30  Blue  (2 10.50  18.0) [2 11.35  28.5]  109611  -15225   93852   -9300
   2.0 30  Blue  (2 09.50  25.0) [2 11.80  26.2]   99111  -22225   97238   -6149
   2.5 30  Blue  (2 16.50  43.0) [2 13.53  43.2]   72111   26775   71742    5967
   2.5 30  Blue  (2 16.50  55.0) [2 13.88  54.3]   54111   26775   55092    8449
   2.5 30  Blue  (2 16.50  57.0) [2 13.53  55.8]   51111   26775   52844    5967
   2.5 30  Blue  (2 14.00  62.0) [2 11.39  54.0]   43611    9275   55673   -8979
   2.5 30  Blue  (2 14.00  45.0) [2 11.40  53.5]   69111    9275   56378   -8917
   2.5 30  Blue  (2 11.50  43.0) [2 10.83  30.6]   72111   -8225   90640  -12931
   2.5 30  Blue  (2 09.50  41.0) [2 11.23  29.4]   75111  -22225   92505  -10127
   2.5 30  Blue  (2 09.00  31.0) [2 11.45  28.5]   90111  -25725   93791   -8596
   3.0 30  Blue  (2 10.60  30.0) [2 14.10  28.3]   91611  -14540   94174    9981
   3.0 30  Blue  (2 15.00  54.0) [2 11.18  54.3]   55611   16275   55092  -10449
   3.0 30  Blue  (2 15.00  55.0) [2 11.80  51.4]   54111   16275   59442   -6149
   3.0 30  Blue  (2 14.50  62.0) [2 11.28  54.4]   43611   12775   55031   -9744
   3.0 30  Blue  (2 11.00  43.0) [2 13.53  30.6]   72111  -11725   90640    5967
   3.0 30  Blue  (2 10.50  31.0) [2 13.88  29.1]   90111  -15225   92888    8449
   3.5 30  Blue  (2 15.50  61.0) [2 11.24  54.1]   45111   19775   55413  -10066
   3.5 30  Blue  (2 15.50  55.0) [2 11.45  53.7]   54111   19775   55995   -8596
   3.5 30  Blue  (2 10.00  23.0) [2 14.50  26.2]  102111  -18725   97238   12749
   3.5 30  Blue  (2 10.00  18.0) [2 14.05  28.5]  109611  -18725   93852    9598
   3.5 30  Blue  (2 15.00  62.0) [2 11.35  53.7]   43611   16275   56056   -9300
   3.5 30  Blue  (2 09.50  29.0) [2 13.98  29.2]   93111  -22225   92827    9154
   3.5 30  Blue  (2 09.50  30.0) [2 13.94  28.9]   91611  -22225   93209    8832
   4.0 30  Blue  (2 15.50  64.0) [2 11.23  54.6]   40611   19775   54709  -10127
   4.0 30  Blue  (2 09.00  30.0) [2 14.15  28.5]   91611  -25725   93791   10302
   4.0 30  Blue  (2 09.00  29.0) [2 14.09  28.8]   93111  -25725   93469    9919
   4.5 30  Blue  (2 16.50  56.0) [2 10.83  55.8]   52611   26775   52844  -12931
   4.5 30  Blue  (2 09.00  41.0) [2 13.93  29.4]   75111  -25725   92505    8771
   3.5 30 Black  (2 08.00  17.0) [2 11.29  28.7]  111111  -32725   93531   -9683
   4.5 30 Black  (2 14.50  13.0) [2 13.99  41.3]  117111   12775   74633    9215
   4.5 30 Black  (2 08.50  17.0) [2 13.99  28.7]  111111  -29225   93531    9215
   5.0 30 Black  (2 07.50  17.0) [2 11.29  41.3]  111111  -36225   74633   -9683
   6.5 30 Black  (2 15.00  13.0) [2 13.99  53.9]  117111   16275   55735    9215
   8.0 30 Black  (2 15.50  09.0) [2 11.29  53.9]  123111   19775   55735   -9683
   1.0 28  Blue  (2 15.50  54.0) [2 14.33  53.8]   55611   19775   55977   11559
   1.0 28  Blue  (2 16.00  52.0) [2 14.67  51.9]   58611   23275   58720   13984
   1.0 28  Blue  (2 15.50  37.0) [2 14.67  39.3]   81111   19775   77618   13984
   1.0 28  Blue  (2 14.14  37.0) [2 13.60  37.4]   81111   10220   80521    6449
   1.0 28  Blue  (2 14.50  37.0) [2 13.28  37.4]   81111   12775   80474    4221
   1.0 28  Blue  (2 15.00  37.0) [2 14.67  39.3]   81111   16275   77618   13984
   1.0 28  Blue  (2 14.50  45.0) [2 14.33  41.2]   69111   12775   74875   11559
   1.0 28  Blue  (2 14.50  48.0) [2 13.87  50.4]   64611   12775   60947    8372
   1.0 28  Blue  (2 15.00  52.0) [2 14.67  51.9]   58611   16275   58720   13984
   1.0 28  Blue  (2 14.00  48.0) [2 13.60  50.0]   64611    9275   61623    6449

Page 3
------------------------------------------------------------------------------
AGILENT ICT FIXTURE WIRING REPORT          Wed Dec 30 22:17:31 2020

/Users/talhasehgal/Desktop/_dev/fixture-processor/references/reference_example1/wires
------------------------------------------------------------------------------

                |     From      |     To        |     From      |      To
Length|Ga|Color |(b   r      c )|(b   r      c )|    X       Y  |    X       Y
------|--|------|---------------|---------------|-------|-------|-------|-------
   1.0 28  Blue  (2 14.00  34.0) [2 13.87  37.8]   85611    9275   79845    8372
   1.0 28  Blue  (2 14.00  36.0) [2 13.45  37.7]   82611    9275   80049    5441
   1.0 28  Blue  (2 11.00  36.0) [2 11.97  39.3]   82611  -11725   77618   -4914
   1.0 28  Blue  (2 11.48  38.0) [2 10.75  37.7]   79611   -8359   80049  -13457
   1.0 28  Blue  (2 11.50  36.0) [2 11.17  37.8]   82611   -8225   79845  -10526
   1.0 28  Blue  (2 11.05  37.0) [2 10.90  37.4]   81111  -11347   80521  -12449
   1.0 28  Blue  (2 11.50  37.0) [2 10.58  37.4]   81111   -8225   80474  -14677
   1.0 28  Blue  (2 11.50  30.0) [2 11.97  26.7]   91611   -8225   96516   -4914
   1.0 28  Blue  (2 11.50  23.0) [2 11.17  25.2]  102111   -8225   98743  -10526
   1.0 28  Blue  (2 11.00  23.0) [2 10.90  24.8]  102111  -11725   99419  -12449
   1.0 28  Blue  (2 10.00  24.0) [2 10.75  25.1]  100611  -18725   98947  -13457
   1.0 28  Blue  (2 10.37  26.0) [2 10.58  24.8]   97611  -16142   99372  -14677
   1.0 28  Blue  (2 09.50  35.0) [2 10.61  35.4]   84111  -22225   83500  -14449
   1.0 28  Blue  (2 10.00  38.0) [2 10.65  37.8]   79611  -18725   79862  -14197
   1.5 28  Blue  (2 16.00  57.0) [2 14.72  52.4]   51111   23275   58021   14299
   1.5 28  Blue  (2 16.00  43.0) [2 14.72  39.8]   72111   23275   76919   14299
   1.5 28  Blue  (2 16.00  36.0) [2 14.59  38.7]   82611   23275   78500   13429
   1.5 28  Blue  (2 14.45  29.0) [2 13.31  35.4]   93111   12421   83500    4449
   1.5 28  Blue  (2 14.50  31.0) [2 13.62  36.9]   90111   12775   81246    6583
   1.5 28  Blue  (2 15.00  38.0) [2 13.35  37.8]   79611   16275   79862    4701
   1.5 28  Blue  (2 15.00  51.0) [2 13.28  50.0]   60111   16275   61576    4221
   1.5 28  Blue  (2 13.91  28.0) [2 13.24  35.7]   94611    8611   83000    3949
   1.5 28  Blue  (2 10.36  37.0) [2 11.97  39.3]   81111  -16212   77618   -4914
   1.5 28  Blue  (2 09.50  38.0) [2 11.17  37.8]   79611  -22225   79845  -10526
   1.5 28  Blue  (2 10.00  30.0) [2 11.63  28.6]   91611  -18725   93773   -7339
   1.5 28  Blue  (2 11.50  18.0) [2 10.65  25.2]  109611   -8225   98760  -14197
   1.5 28  Blue  (2 09.00  36.0) [2 10.54  35.7]   82611  -25725   83000  -14949
   1.5 28  Blue  (2 09.00  37.0) [2 10.49  37.1]   81111  -25725   80920  -15289
   2.0 28  Blue  (2 16.50  41.0) [2 14.59  38.7]   75111   26775   78500   13429
   2.0 28  Blue  (2 16.50  44.0) [2 14.72  39.8]   70611   26775   76919   14299
   2.0 28  Blue  (2 16.50  51.0) [2 14.59  51.3]   60111   26775   59602   13429
   2.0 28  Blue  (2 16.50  52.0) [2 14.59  51.3]   58611   26775   59602   13429
   2.0 28  Blue  (2 15.50  51.0) [2 13.45  50.3]   60111   19775   61151    5441
   2.0 28  Blue  (2 16.00  50.0) [2 13.62  49.5]   61611   23275   62348    6583
   2.0 28  Blue  (2 16.00  49.0) [2 13.62  49.5]   63111   23275   62348    6583
   2.0 28  Blue  (2 15.00  31.0) [2 13.62  36.9]   90111   16275   81246    6583
   2.0 28  Blue  (2 11.41  26.0) [2 13.60  24.8]   97611   -8884   99419    6449
   2.0 28  Blue  (2 11.50  16.0) [2 13.19  24.5]  112611   -8225   99818    3609
   2.0 28  Blue  (2 11.00  49.0) [2 12.02  39.8]   63111  -11725   76919   -4599
   2.0 28  Blue  (2 10.39  48.0) [2 12.02  39.8]   64611  -15976   76919   -4599
   2.0 28  Blue  (2 10.50  45.0) [2 11.89  38.7]   69111  -15225   78500   -5469
   2.0 28  Blue  (2 10.00  45.0) [2 11.89  38.7]   69111  -18725   78500   -5469
   2.0 28  Blue  (2 09.50  26.0) [2 11.89  26.1]   97611  -22225   97398   -5469
   2.0 28  Blue  (2 10.50  17.0) [2 11.17  25.2]  111111  -15225   98743  -10526

Page 4
------------------------------------------------------------------------------
AGILENT ICT FIXTURE WIRING REPORT          Wed Dec 30 22:17:31 2020

/Users/talhasehgal/Desktop/_dev/fixture-processor/references/reference_example1/wires
------------------------------------------------------------------------------

                |     From      |     To        |     From      |      To
Length|Ga|Color |(b   r      c )|(b   r      c )|    X       Y  |    X       Y
------|--|------|---------------|---------------|-------|-------|-------|-------
   2.0 28  Blue  (2 11.50  15.0) [2 11.17  24.8]  114111   -8225   99451  -10555
   2.0 28  Blue  (2 11.00  13.0) [2 10.54  23.1]  117111  -11725  101898  -14949
   2.0 28  Blue  (2 10.50  14.0) [2 10.61  22.8]  115611  -15225  102398  -14449
   2.0 28  Blue  (2 10.00  16.0) [2 10.49  24.5]  112611  -18725   99818  -15289
   2.5 28  Blue  (2 17.00  37.0) [2 13.87  37.4]   81111   30275   80553    8343
   2.5 28  Blue  (2 16.50  38.0) [2 13.87  37.8]   79611   26775   79845    8372
   2.5 28  Blue  (2 16.50  48.0) [2 13.24  48.3]   64611   26775   64102    3949
   2.5 28  Blue  (2 17.00  61.0) [2 14.72  52.4]   45111   30275   58021   14299
   2.5 28  Blue  (2 16.00  61.0) [2 13.87  50.4]   45111   23275   60947    8372
   2.5 28  Blue  (2 16.00  48.0) [2 13.31  48.0]   64611   23275   64602    4449
   2.5 28  Blue  (2 16.00  37.0) [2 13.19  37.1]   81111   23275   80920    3609
   2.5 28  Blue  (2 11.50  21.0) [2 14.59  26.1]  105111   -8225   97398   13429
   2.5 28  Blue  (2 15.00  48.0) [2 11.89  51.3]   64611   16275   59602   -5469
   2.5 28  Blue  (2 14.50  55.0) [2 11.97  51.9]   54111   12775   58720   -4914
   2.5 28  Blue  (2 15.00  61.0) [2 13.35  50.4]   45111   16275   60964    4701
   2.5 28  Blue  (2 14.00  49.0) [2 11.17  50.4]   63111    9275   60947  -10526
   2.5 28  Blue  (2 14.00  46.0) [2 11.63  53.8]   67611    9275   55977   -7339
   2.5 28  Blue  (2 11.09  24.0) [2 13.87  25.2]  100611  -11118   98743    8372
   2.5 28  Blue  (2 11.00  18.0) [2 13.35  25.2]  109611  -11725   98760    4701
   2.5 28  Blue  (2 10.00  25.0) [2 13.28  24.8]   99111  -18725   99372    4221
   2.5 28  Blue  (2 10.50  22.0) [2 13.62  24.3]  103611  -15225  100144    6583
   2.5 28  Blue  (2 11.50  13.0) [2 13.31  22.8]  117111   -8225  102398    4449
   2.5 28  Blue  (2 09.50  23.0) [2 12.02  27.2]  102111  -22225   95817   -4599
   2.5 28  Blue  (2 09.50  32.0) [2 12.02  27.2]   88611  -22225   95817   -4599
   2.5 28  Blue  (2 08.00  37.0) [2 11.17  37.4]   81111  -32725   80553  -10555
   2.5 28  Blue  (2 09.50  18.0) [2 11.97  26.7]  109611  -22225   96516   -4914
   2.5 28  Blue  (2 09.00  25.0) [2 11.89  26.1]   99111  -25725   97398   -5469
   3.0 28  Blue  (2 15.50  58.0) [2 12.02  52.4]   49611   19775   58021   -4599
   3.0 28  Blue  (2 15.50  48.0) [2 11.89  51.3]   64611   19775   59602   -5469
   3.0 28  Blue  (2 15.50  36.0) [2 13.19  49.7]   82611   19775   62022    3609
   3.0 28  Blue  (2 11.11  30.0) [2 14.67  26.7]   91611  -10924   96516   13984
   3.0 28  Blue  (2 14.50  50.0) [2 10.90  50.0]   61611   12775   61623  -12449
   3.0 28  Blue  (2 15.00  63.0) [2 11.97  51.9]   42111   16275   58720   -4914
   3.0 28  Blue  (2 14.50  65.0) [2 12.02  52.4]   39111   12775   58021   -4599
   3.0 28  Blue  (2 11.00  17.0) [2 13.87  25.2]  111111  -11725   98743    8372
   3.0 28  Blue  (2 10.00  26.0) [2 13.45  25.1]   97611  -18725   98947    5441
   3.0 28  Blue  (2 10.00  21.0) [2 13.62  24.3]  105111  -18725  100144    6583
   3.0 28  Blue  (2 10.00  13.0) [2 13.24  23.1]  117111  -18725  101898    3949
   3.5 28  Blue  (2 16.50  64.0) [2 13.87  50.0]   40611   26775   61655    8343
   3.5 28  Blue  (2 10.60  24.0) [2 14.59  26.1]  100611  -14514   97398   13429
   3.5 28  Blue  (2 15.00  49.0) [2 10.65  50.4]   63111   16275   60964  -14197
   3.5 28  Blue  (2 15.00  50.0) [2 10.58  50.0]   61611   16275   61576  -14677
   3.5 28  Blue  (2 14.00  35.0) [2 11.17  50.4]   84111    9275   60947  -10526
   3.5 28  Blue  (2 10.50  15.0) [2 13.87  24.8]  114111  -15225   99451    8343

Page 5
------------------------------------------------------------------------------
AGILENT ICT FIXTURE WIRING REPORT          Wed Dec 30 22:17:31 2020

/Users/talhasehgal/Desktop/_dev/fixture-processor/references/reference_example1/wires
------------------------------------------------------------------------------

                |     From      |     To        |     From      |      To
Length|Ga|Color |(b   r      c )|(b   r      c )|    X       Y  |    X       Y
------|--|------|---------------|---------------|-------|-------|-------|-------
   4.0 28  Blue  (2 15.50  50.0) [2 10.75  50.3]   61611   19775   61151  -13457
   4.0 28  Blue  (2 10.00  34.0) [2 14.72  27.2]   85611  -18725   95817   14299
   4.0 28  Blue  (2 10.00  35.0) [2 14.72  27.2]   84111  -18725   95817   14299
   4.0 28  Blue  (2 15.00  35.0) [2 11.17  50.0]   84111   16275   61655  -10555
   4.0 28  Blue  (2 14.50  36.0) [2 10.49  49.7]   82611   12775   62022  -15289
   4.5 28  Blue  (2 16.50  47.0) [2 10.54  48.3]   66111   26775   64102  -14949
   4.5 28  Blue  (2 16.00  47.0) [2 10.61  48.0]   66111   23275   64602  -14449
   4.5 28  Blue  (2 09.00  18.0) [2 14.67  26.7]  109611  -25725   96516   13984
   1.0 28  Red   (2 15.50  15.0) (2 15.50  11.0)  114111   19775  120111   19775
   1.0 28  Red   (2 14.50  15.0) (2 14.50  11.0)  114111   12775  120111   12775
   1.0 28  Red   (2 15.00  15.0) (2 15.00  11.0)  114111   16275  120111   16275
   1.0 28  Red   (2 08.00  15.0) (2 08.00  11.0)  114111  -32725  120111  -32725
   1.0 28  Red   (2 08.50  15.0) (2 08.50  11.0)  114111  -29225  120111  -29225
   1.0 28  Red   (2 07.50  15.0) (2 07.50  11.0)  114111  -36225  120111  -36225
   1.5 28  Red   (2 15.50  11.0) (2 15.50  03.0)  120111   19775  132111   19775
   1.5 28  Red   (2 14.50  11.0) (2 14.50  03.0)  120111   12775  132111   12775
   1.5 28  Red   (2 15.00  11.0) (2 15.00  03.0)  120111   16275  132111   16275
   1.5 28  Red   (2 08.00  11.0) (2 08.00  03.0)  120111  -32725  132111  -32725
   1.5 28  Red   (2 08.50  11.0) (2 08.50  03.0)  120111  -29225  132111  -29225
   1.5 28  Red   (2 07.50  11.0) (2 07.50  03.0)  120111  -36225  132111  -36225
   2.5 28  Red   (2 13.00  18.0) [2 13.44  30.2]  109611    2275   91308    5324
   3.0 28  Red   (2 11.00  32.0) (2 13.00  18.0)   88611  -11725  109611    2275
   4.5 28  Red   (2 08.00  07.0) [2 10.74  30.2]  126111  -32725   91308  -13574
   5.0 28  Red   (2 11.00  33.0) (2 08.00  07.0)   87111  -11725  126111  -32725
   5.0 28  Red   (2 11.50  31.0) (2 08.50  03.0)   90111   -8225  132111  -29225
   5.0 28  Red   (2 08.00  03.0) [2 10.74  30.2]  132111  -32725   91308  -13574
   5.5 28  Red   (2 08.50  07.0) [2 13.44  30.2]  126111  -29225   91308    5324
   5.5 28  Red   (2 11.50  32.0) (2 08.00  03.0)   88611   -8225  132111  -32725
   6.0 28  Red   (2 14.50  07.0) [2 13.44  42.8]  126111   12775   72410    5324
   6.0 28  Red   (2 14.50  44.0) (2 14.50  07.0)   70611   12775  126111   12775
   6.0 28  Red   (2 13.00  06.0) [2 13.44  42.8]  127611    2275   72410    5324
   6.0 28  Red   (2 08.50  03.0) [2 13.44  30.2]  132111  -29225   91308    5324
   6.5 28  Red   (2 14.50  03.0) [2 13.44  42.8]  132111   12775   72410    5324
   6.5 28  Red   (2 14.00  44.0) (2 14.50  03.0)   70611    9275  132111   12775
   6.5 28  Red   (2 11.50  44.0) (2 07.50  07.0)   70611   -8225  126111  -36225
   6.5 28  Red   (2 07.50  07.0) [2 10.74  42.8]  126111  -36225   72410  -13574
   7.0 28  Red   (2 13.00  12.0) [2 13.44  55.4]  118611    2275   53512    5324
   7.0 28  Red   (2 07.50  03.0) [2 10.74  42.8]  132111  -36225   72410  -13574
   7.0 28  Red   (2 10.89  44.0) (2 07.50  03.0)   70611  -12492  132111  -36225
   7.5 28  Red   (2 14.50  57.0) (2 13.00  12.0)   51111   12775  118611    2275
   7.5 28  Red   (2 01.00  18.0) [2 10.74  30.2]  109611  -81725   91308  -13574
   8.0 28  Red   (2 14.50  56.0) (2 15.50  07.0)   52611   12775  126111   19775
   8.0 28  Red   (2 15.00  07.0) [2 13.44  55.4]  126111   16275   53512    5324
   9.0 28  Red   (2 15.50  07.0) [2 10.74  55.4]  126111   19775   53512  -13574

Page 6
------------------------------------------------------------------------------
AGILENT ICT FIXTURE WIRING REPORT          Wed Dec 30 22:17:31 2020

/Users/talhasehgal/Desktop/_dev/fixture-processor/references/reference_example1/wires
------------------------------------------------------------------------------

                |     From      |     To        |     From      |      To
Length|Ga|Color |(b   r      c )|(b   r      c )|    X       Y  |    X       Y
------|--|------|---------------|---------------|-------|-------|-------|-------
   9.0 28  Red   (2 13.90  56.0) (2 15.50  03.0)   52611    8562  132111   19775
   9.0 28  Red   (2 15.50  03.0) [2 10.74  55.4]  132111   19775   53512  -13574
   9.0 28  Red   (2 15.00  03.0) [2 13.44  55.4]  132111   16275   53512    5324
   9.0 28  Red   (2 14.00  57.0) (2 15.00  03.0)   51111    9275  132111   16275
  10.0 28  Red   (2 01.00  06.0) [2 10.74  42.8]  127611  -81725   72410  -13574
  10.0 28  Red   (2 01.00  12.0) [2 10.74  55.4]  118611  -81725   53512  -13574
   1.0 28  Blue  (2 15.50  45.0) (2 15.00  45.0)   69111   19775   69111   16275
   1.0 28  Blue  (2 15.50  43.0) (2 15.00  43.0)   72111   19775   72111   16275
   1.0 28  Blue  (2 15.00  32.0) (2 15.00  33.0)   88611   16275   87111   16275
   1.0 28  Blue  (2 14.50  34.0) [2 14.00  37.3]   85611   12775   80602    9304
   1.0 28  Blue  (2 14.50  38.0) [2 14.03  38.0]   79611   12775   79646    9494
   1.0 28  Blue  (2 13.87  43.0) [2 14.37  40.2]   72111    8361   76310   11849
   1.0 28  Blue  (2 14.50  42.0) [2 14.28  42.0]   73611   12775   73630   11249
   1.0 28  Blue  (2 14.12  42.0) [2 13.26  40.0]   73611   10096   76656    4075
   1.0 28  Blue  (2 14.00  47.0) [2 14.00  49.9]   66111    9275   61704    9304
   1.0 28  Blue  (2 14.42  51.0) [2 14.03  50.6]   60111   12186   60748    9494
   1.0 28  Blue  (2 14.46  52.0) [2 13.39  52.7]   58611   12520   57502    5035
   1.0 28  Blue  (2 14.50  58.0) [2 14.37  52.8]   49611   12775   57412   11849
   1.0 28  Blue  (2 15.00  56.0) [2 14.28  54.6]   52611   16275   54732   11249
   1.0 28  Blue  (2 14.13  55.0) [2 13.26  52.6]   54111   10214   57758    4075
   1.0 28  Blue  (2 13.86  41.0) [2 13.39  40.1]   75111    8317   76400    5035
   1.0 28  Blue  (2 14.00  31.0) [2 13.52  36.1]   90111    9275   82421    5899
   1.0 28  Blue  (2 14.00  32.0) (2 14.00  33.0)   88611    9275   87111    9275
   1.0 28  Blue  (2 13.00  71.0) (2 13.00  72.0)   30111    2275   28611    2275
   1.0 28  Blue  (2 13.00  73.0) (2 13.00  74.0)   27111    2275   25611    2275
   1.0 28  Blue  (2 13.00  74.0) (2 13.00  75.0)   25611    2275   24111    2275
   1.0 28  Blue  (2 13.00  77.0) (2 13.00  78.0)   21111    2275   19611    2275
   1.0 28  Blue  (2 11.00  47.0) [2 11.03  43.7]   66111  -11725   71120  -11538
   1.0 28  Blue  (2 11.00  46.0) [2 11.32  42.9]   67611  -11725   72323   -9474
   1.0 28  Blue  (2 11.50  46.0) [2 11.72  41.2]   67611   -8225   74744   -6661
   1.0 28  Blue  (2 11.00  45.0) [2 11.67  40.2]   69111  -11725   76310   -7049
   1.0 28  Blue  (2 11.50  45.0) [2 11.32  42.9]   69111   -8225   72323   -9474
   1.0 28  Blue  (2 11.07  42.0) [2 11.58  42.0]   73611  -11241   73630   -7649
   1.0 28  Blue  (2 11.42  42.0) [2 10.51  38.3]   73611   -8802   79180  -15176
   1.0 28  Blue  (2 11.08  41.0) [2 10.69  40.1]   75111  -11192   76400  -13863
   1.0 28  Blue  (2 11.58  41.0) [2 10.56  40.0]   75111   -7641   76656  -14823
   1.0 28  Blue  (2 11.00  38.0) [2 11.33  38.0]   79611  -11725   79646   -9404
   1.0 28  Blue  (2 11.00  35.0) [2 11.30  37.3]   84111  -11725   80602   -9594
   1.0 28  Blue  (2 10.50  34.0) [2 11.32  30.3]   85611  -15225   91221   -9474
   1.0 28  Blue  (2 10.43  35.0) [2 11.32  30.3]   84111  -15733   91221   -9474
   1.0 28  Blue  (2 11.53  28.0) [2 10.69  27.5]   94611   -8021   95298  -13863
   1.0 28  Blue  (2 11.00  26.0) [2 10.56  27.4]   97611  -11725   95554  -14823
   1.0 28  Blue  (2 11.50  25.0) [2 11.33  25.4]   99111   -8225   98544   -9404
   1.0 28  Blue  (2 11.00  22.0) [2 11.30  24.7]  103611  -11725   99500   -9594

Page 7
------------------------------------------------------------------------------
AGILENT ICT FIXTURE WIRING REPORT          Wed Dec 30 22:17:31 2020

/Users/talhasehgal/Desktop/_dev/fixture-processor/references/reference_example1/wires
------------------------------------------------------------------------------

                |     From      |     To        |     From      |      To
Length|Ga|Color |(b   r      c )|(b   r      c )|    X       Y  |    X       Y
------|--|------|---------------|---------------|-------|-------|-------|-------
   1.0 28  Blue  (2 10.00  22.0) (2 10.00  23.0)  103611  -18725  102111  -18725
   1.0 28  Blue  (2 10.38  23.0) [2 10.51  25.7]  102111  -16039   98078  -15176
   1.0 28  Blue  (2 10.00  27.0) (2 10.60  30.0)   96111  -18725   91611  -14540
   1.0 28  Blue  (2 10.00  44.0) [2 10.97  39.7]   70611  -18725   77000  -11949
   1.0 28  Blue  (2 09.50  43.0) [2 10.69  41.1]   72111  -22225   75020  -13867
   1.0 28  Blue  (2 10.00  43.0) (2 10.58  43.0)   72111  -18725   72111  -14676
   1.0 28  Blue  (2 10.00  46.0) (2 10.50  46.0)   67611  -18725   67611  -15225
   1.0 28  Blue  (2 09.00  24.0) (2 09.50  25.0)  100611  -25725   99111  -22225
   1.0 28  Blue  (2 01.00  77.0) (2 01.00  78.0)   21111  -81725   19611  -81725
   1.0 28  Blue  (2 01.00  74.0) (2 01.00  75.0)   25611  -81725   24111  -81725
   1.0 28  Blue  (2 01.00  73.0) (2 01.00  74.0)   27111  -81725   25611  -81725
   1.0 28  Blue  (2 01.00  71.0) (2 01.00  72.0)   30111  -81725   28611  -81725
   1.5 28  Blue  (2 16.00  56.0) [2 14.55  53.7]   52611   23275   56102   13149
   1.5 28  Blue  (2 16.00  53.0) [2 14.31  52.0]   57111   23275   58602   11469
   1.5 28  Blue  (2 16.00  51.0) [2 14.27  51.1]   60111   23275   59902   11169
   1.5 28  Blue  (2 15.50  47.0) (2 15.00  55.0)   66111   19775   54111   16275
   1.5 28  Blue  (2 16.00  45.0) [2 14.55  41.1]   69111   23275   75000   13149
   1.5 28  Blue  (2 16.00  38.0) [2 14.27  38.5]   79611   23275   78800   11169
   1.5 28  Blue  (2 14.50  33.0) [2 13.67  39.7]   87111   12775   77000    6949
   1.5 28  Blue  (2 14.50  43.0) [2 13.21  38.3]   72111   12775   79180    3722
   1.5 28  Blue  (2 11.42  27.0) [2 13.26  27.4]   96111   -8806   95554    4075
   1.5 28  Blue  (2 11.50  49.0) [2 11.85  41.1]   63111   -8225   75000   -5749
   1.5 28  Blue  (2 11.50  48.0) [2 10.77  41.9]   64611   -8225   73760  -13309
   1.5 28  Blue  (2 09.50  37.0) [2 11.30  37.3]   81111  -22225   80602   -9594
   1.5 28  Blue  (2 10.00  36.0) [2 11.03  31.1]   82611  -18725   90018  -11538
   1.5 28  Blue  (2 10.00  29.0) [2 11.58  29.4]   93111  -18725   92528   -7649
   1.5 28  Blue  (2 10.00  28.0) [2 11.67  27.6]   94611  -18725   95208   -7049
   1.5 28  Blue  (2 09.00  26.0) (2 10.50  21.0)   97611  -25725  105111  -15225
   1.5 28  Blue  (2 09.50  27.0) [2 10.97  27.1]   96111  -22225   95898  -11949
   1.5 28  Blue  (2 09.00  34.0) [2 10.45  29.9]   85611  -25725   91698  -15549
   1.5 28  Blue  (2 10.50  44.0) [2 10.82  36.1]   70611  -15225   82421  -12999
   1.5 28  Blue  (2 09.00  35.0) [2 10.77  36.9]   84111  -25725   81233  -13309
   1.5 28  Blue  (2 10.00  48.0) [2 10.77  41.9]   64611  -18725   73760  -13309
   1.5 28  Blue  (2 09.00  43.0) [2 10.85  42.4]   72111  -25725   73083  -12778
   1.5 28  Blue  (2 09.00  45.0) [2 10.45  42.5]   69111  -25725   72800  -15549
   2.0 28  Blue  (2 16.50  37.0) [2 14.00  37.3]   81111   26775   80602    9304
   2.0 28  Blue  (2 16.50  42.0) [2 14.37  40.2]   73611   26775   76310   11849
   2.0 28  Blue  (2 16.50  45.0) [2 14.70  41.0]   69111   26775   75100   14149
   2.0 28  Blue  (2 16.50  49.0) [2 14.31  52.0]   63111   26775   58602   11469
   2.0 28  Blue  (2 16.50  58.0) [2 14.70  53.6]   49611   26775   56202   14149
   2.0 28  Blue  (2 15.50  52.0) [2 13.21  50.9]   58611   19775   60282    3722
   2.0 28  Blue  (2 15.50  44.0) [2 13.52  48.7]   70611   19775   63523    5899
   2.0 28  Blue  (2 16.00  44.0) [2 13.73  43.7]   70611   23275   71120    7360
   2.0 28  Blue  (2 16.00  42.0) [2 13.55  42.4]   73611   23275   73083    6120

Page 8
------------------------------------------------------------------------------
AGILENT ICT FIXTURE WIRING REPORT          Wed Dec 30 22:17:31 2020

/Users/talhasehgal/Desktop/_dev/fixture-processor/references/reference_example1/wires
------------------------------------------------------------------------------

                |     From      |     To        |     From      |      To
Length|Ga|Color |(b   r      c )|(b   r      c )|    X       Y  |    X       Y
------|--|------|---------------|---------------|-------|-------|-------|-------
   2.0 28  Blue  (2 15.50  34.0) [2 14.02  42.9]   85611   19775   72323    9424
   2.0 28  Blue  (2 15.50  33.0) [2 14.12  39.9]   87111   19775   76740   10129
   2.0 28  Blue  (2 15.50  32.0) [2 14.12  39.9]   88611   19775   76740   10129
   2.0 28  Blue  (2 15.00  34.0) [2 14.02  42.9]   85611   16275   72323    9424
   2.0 28  Blue  (2 15.00  44.0) [2 13.67  52.3]   70611   16275   58102    6949
   2.0 28  Blue  (2 15.00  53.0) (2 14.00  45.0)   57111   16275   69111    9275
   2.0 28  Blue  (2 15.00  65.0) [2 14.02  55.5]   39111   16275   53425    9424
   2.0 28  Blue  (2 15.00  64.0) [2 13.55  55.0]   40611   16275   54185    6120
   2.0 28  Blue  (2 11.00  28.0) [2 13.39  27.5]   94611  -11725   95298    5035
   2.0 28  Blue  (2 11.50  22.0) [2 13.67  27.1]  103611   -8225   95898    6949
   2.0 28  Blue  (2 11.00  48.0) [2 11.61  39.4]   64611  -11725   77500   -7429
   2.0 28  Blue  (2 09.50  44.0) [2 11.67  40.2]   70611  -22225   76310   -7049
   2.0 28  Blue  (2 10.00  47.0) [2 11.61  39.4]   66111  -18725   77500   -7429
   2.0 28  Blue  (2 09.50  24.0) [2 11.61  26.8]  100611  -22225   96398   -7429
   2.0 28  Blue  (2 11.00  15.0) [2 11.30  24.7]  114111  -11725   99500   -9594
   2.0 28  Blue  (2 11.00  14.0) [2 10.82  23.5]  115611  -11725  101319  -12999
   2.0 28  Blue  (2 11.50  14.0) [2 10.77  24.3]  115611   -8225  100131  -13309
   2.0 28  Blue  (2 10.00  14.0) [2 10.77  24.3]  115611  -18725  100131  -13309
   2.0 28  Blue  (2 09.00  32.0) [2 10.77  29.3]   88611  -25725   92658  -13309
   2.0 28  Blue  (2 09.00  33.0) [2 10.77  29.3]   87111  -25725   92658  -13309
   2.0 28  Blue  (2 10.50  47.0) [2 10.77  36.9]   66111  -15225   81233  -13309
   2.5 28  Blue  (2 17.50  41.0) [2 14.49  40.1]   75111   33775   76490   12719
   2.5 28  Blue  (2 17.00  53.0) [2 14.49  52.7]   57111   30275   57592   12719
   2.5 28  Blue  (2 16.50  54.0) [2 13.39  53.7]   55611   26775   56122    5031
   2.5 28  Blue  (2 15.50  65.0) [2 13.73  56.3]   39111   19775   52222    7360
   2.5 28  Blue  (2 16.00  62.0) [2 14.37  52.8]   43611   23275   57412   11849
   2.5 28  Blue  (2 15.50  46.0) [2 14.02  55.5]   67611   19775   53425    9424
   2.5 28  Blue  (2 16.00  41.0) [2 13.39  41.1]   75111   23275   75020    5031
   2.5 28  Blue  (2 15.50  31.0) [2 13.47  41.9]   90111   19775   73760    5589
   2.5 28  Blue  (2 11.50  24.0) [2 14.00  24.7]  100611   -8225   99500    9304
   2.5 28  Blue  (2 11.50  17.0) [2 14.00  24.7]  111111   -8225   99500    9304
   2.5 28  Blue  (2 11.04  25.0) [2 14.03  25.4]   99111  -11477   98544    9494
   2.5 28  Blue  (2 11.50  33.0) [2 14.37  27.6]   87111   -8225   95208   11849
   2.5 28  Blue  (2 11.50  34.0) [2 14.33  28.6]   85611   -8225   93773   11559
   2.5 28  Blue  (2 14.50  30.0) [2 13.15  42.5]   91611   12775   72800    3349
   2.5 28  Blue  (2 11.50  35.0) [2 14.02  30.3]   84111   -8225   91221    9424
   2.5 28  Blue  (2 11.00  34.0) [2 14.02  30.3]   85611  -11725   91221    9424
   2.5 28  Blue  (2 14.50  49.0) [2 11.30  49.9]   63111   12775   61704   -9594
   2.5 28  Blue  (2 14.50  66.0) [2 13.47  54.5]   37611   12775   54862    5589
   2.5 28  Blue  (2 14.00  66.0) [2 13.47  54.5]   37611    9275   54862    5589
   2.5 28  Blue  (2 14.00  61.0) [2 11.58  54.6]   45111    9275   54732   -7649
   2.5 28  Blue  (2 14.00  58.0) [2 11.67  52.8]   49611    9275   57412   -7049
   2.5 28  Blue  (2 14.00  52.0) [2 11.33  50.6]   58611    9275   60748   -9404
   2.5 28  Blue  (2 13.86  30.0) [2 13.47  41.9]   91611    8299   73760    5589

Page 9
------------------------------------------------------------------------------
AGILENT ICT FIXTURE WIRING REPORT          Wed Dec 30 22:17:31 2020

/Users/talhasehgal/Desktop/_dev/fixture-processor/references/reference_example1/wires
------------------------------------------------------------------------------

                |     From      |     To        |     From      |      To
Length|Ga|Color |(b   r      c )|(b   r      c )|    X       Y  |    X       Y
------|--|------|---------------|---------------|-------|-------|-------|-------
   2.5 28  Blue  (2 10.50  33.0) [2 13.47  29.3]   87111  -15225   92658    5589
   2.5 28  Blue  (2 10.50  28.0) [2 13.21  25.7]   94611  -15225   98078    3722
   2.5 28  Blue  (2 11.00  21.0) [2 13.52  23.5]  105111  -11725  101319    5899
   2.5 28  Blue  (2 10.00  49.0) [2 12.00  41.0]   63111  -18725   75100   -4749
   2.5 28  Blue  (2 09.00  38.0) [2 11.57  38.5]   79611  -25725   78800   -7729
   2.5 28  Blue  (2 09.50  34.0) [2 11.85  28.5]   85611  -22225   93898   -5749
   2.5 28  Blue  (2 09.00  23.0) [2 11.61  26.8]  102111  -25725   96398   -7429
   2.5 28  Blue  (2 11.00  16.0) [2 10.69  28.5]  112611  -11725   93918  -13867
   2.5 28  Blue  (2 10.00  15.0) [2 10.82  28.5]  114111  -18725   93918  -12983
   2.5 28  Blue  (2 09.50  42.0) [2 10.85  29.8]   73611  -22225   91981  -12778
   2.5 28  Blue  (2 08.00  41.0) [2 10.82  41.1]   75111  -32725   75020  -12983
   3.0 28  Blue  (2 18.00  54.0) (2 15.50  64.0)   55611   37275   40611   19775
   3.0 28  Blue  (2 18.00  48.0) (2 15.50  35.0)   64611   37275   84111   19775
   3.0 28  Blue  (2 17.00  41.0) [2 13.52  41.1]   75111   30275   75020    5915
   3.0 28  Blue  (2 17.00  54.0) [2 13.52  53.7]   55611   30275   56122    5915
   3.0 28  Blue  (2 16.50  61.0) [2 14.00  49.9]   45111   26775   61704    9304
   3.0 28  Blue  (2 15.50  66.0) [2 13.15  55.1]   37611   19775   53902    3349
   3.0 28  Blue  (2 10.50  29.0) [2 14.28  29.4]   93111  -15225   92528   11249
   3.0 28  Blue  (2 14.50  46.0) [2 11.32  55.5]   67611   12775   53425   -9474
   3.0 28  Blue  (2 14.50  47.0) [2 11.32  55.5]   66111   12775   53425   -9474
   3.0 28  Blue  (2 15.00  57.0) [2 11.61  52.0]   51111   16275   58602   -7429
   3.0 28  Blue  (2 14.50  67.0) [2 12.00  53.6]   36111   12775   56202   -4749
   3.0 28  Blue  (2 14.00  67.0) [2 11.85  53.7]   36111    9275   56102   -5749
   3.0 28  Blue  (2 14.00  65.0) [2 11.03  56.3]   39111    9275   52222  -11538
   3.0 28  Blue  (2 14.00  53.0) [2 10.69  52.7]   57111    9275   57502  -13863
   3.0 28  Blue  (2 10.00  31.0) [2 13.73  31.1]   90111  -18725   90018    7360
   3.0 28  Blue  (2 09.50  33.0) [2 13.15  29.9]   87111  -22225   91698    3349
   3.0 28  Blue  (2 10.00  33.0) [2 13.47  29.3]   87111  -18725   92658    5589
   3.0 28  Blue  (2 08.50  41.0) [2 11.79  40.1]   75111  -29225   76490   -6179
   3.0 28  Blue  (2 09.00  22.0) [2 12.00  28.4]  103611  -25725   93998   -4749
   3.0 28  Blue  (2 09.00  17.0) [2 11.67  27.6]  111111  -25725   95208   -7049
   3.0 28  Blue  (2 09.50  15.0) [2 11.79  27.5]  114111  -22225   95388   -6179
   3.0 28  Blue  (2 09.00  16.0) [2 11.57  25.9]  112611  -25725   97698   -7729
   3.0 28  Blue  (2 06.00  52.0) (2 09.00  41.0)   58611  -46725   75111  -25725
   3.5 28  Blue  (2 18.00  52.0) (2 14.50  64.0)   58611   37275   40611   12775
   3.5 28  Blue  (2 15.50  56.0) [2 11.61  52.0]   52611   19775   58602   -7429
   3.5 28  Blue  (2 15.50  53.0) [2 10.97  52.3]   57111   19775   58102  -11949
   3.5 28  Blue  (2 15.50  49.0) [2 10.82  48.7]   63111   19775   63523  -12999
   3.5 28  Blue  (2 10.50  32.0) [2 14.31  26.8]   88611  -15225   96398   11469
   3.5 28  Blue  (2 10.00  32.0) [2 14.31  26.8]   88611  -18725   96398   11469
   3.5 28  Blue  (2 14.50  35.0) [2 11.30  49.9]   84111   12775   61704   -9594
   3.5 28  Blue  (2 15.00  46.0) [2 10.77  49.5]   67611   16275   62335  -13309
   3.5 28  Blue  (2 15.00  47.0) [2 10.77  49.5]   66111   16275   62335  -13309
   3.5 28  Blue  (2 14.63  53.0) [2 10.56  52.6]   57111   13664   57758  -14823

Page 10
------------------------------------------------------------------------------
AGILENT ICT FIXTURE WIRING REPORT          Wed Dec 30 22:17:31 2020

/Users/talhasehgal/Desktop/_dev/fixture-processor/references/reference_example1/wires
------------------------------------------------------------------------------

                |     From      |     To        |     From      |      To
Length|Ga|Color |(b   r      c )|(b   r      c )|    X       Y  |    X       Y
------|--|------|---------------|---------------|-------|-------|-------|-------
   3.5 28  Blue  (2 15.00  58.0) [2 10.77  54.5]   49611   16275   54862  -13309
   3.5 28  Blue  (2 14.50  61.0) [2 10.51  50.9]   45111   12775   60282  -15176
   3.5 28  Blue  (2 10.50  16.0) [2 13.39  28.5]  112611  -15225   93918    5031
   3.5 28  Blue  (2 09.50  17.0) [2 13.52  28.5]  111111  -22225   93918    5915
   3.5 28  Blue  (2 06.00  50.0) (2 09.50  41.0)   61611  -46725   75111  -22225
   4.0 28  Blue  (2 16.50  53.0) [2 11.67  52.8]   57111   26775   57412   -7049
   4.0 28  Blue  (2 16.00  63.0) [2 11.79  52.7]   42111   23275   57592   -6179
   4.0 28  Blue  (2 15.50  57.0) [2 10.77  54.5]   51111   19775   54862  -13309
   4.0 28  Blue  (2 16.00  55.0) [2 10.85  55.0]   54111   23275   54185  -12778
   4.0 28  Blue  (2 16.00  54.0) [2 10.69  53.7]   55611   23275   56122  -13867
   4.0 28  Blue  (2 09.50  16.0) [2 14.27  25.9]  112611  -22225   97698   11169
   4.0 28  Blue  (2 10.00  17.0) [2 14.37  27.6]  111111  -18725   95208   11849
   4.0 28  Blue  (2 09.50  22.0) [2 14.55  28.5]  103611  -22225   93898   13149
   4.0 28  Blue  (2 15.00  36.0) [2 11.57  51.1]   82611   16275   59902   -7729
   4.0 28  Blue  (2 15.00  66.0) [2 10.45  55.1]   37611   16275   53902  -15549
   4.0 28  Blue  (2 09.00  42.0) [2 13.55  29.8]   73611  -25725   91981    6120
   4.0 28  Blue  (2 06.00  48.0) (2 10.39  36.0)   64611  -46725   82611  -16009
   4.5 28  Blue  (2 16.50  62.0) [2 10.82  53.7]   43611   26775   56122  -12983
   4.5 28  Blue  (2 09.00  15.0) [2 14.49  27.5]  114111  -25725   95388   12719
   4.5 28  Blue  (2 09.00  21.0) [2 14.70  28.4]  105111  -25725   93998   14149
   4.5 28  Blue  (2 07.00  17.0) [2 06.21  44.3]  111111  -39725   70111  -45225
   7.0 28  Blue  (2 14.00  17.0) [2 06.21  39.3]  111111    9275   77611  -45225
   9.0 28  Blue  (2 13.00  77.0) [2 06.21  34.3]   21111    2275   85111  -45225
   9.0 28  Blue  (2 01.00  77.0) [2 06.21  29.3]   21111  -81725   92611  -45225
   1.0 28 Black  (2 18.00  78.0) (2 18.00  76.0)   19611   37275   22611   37275
   1.0 28 Black  (2 18.00  76.0) (2 18.00  75.0)   22611   37275   24111   37275
   1.0 28 Black  (2 18.00  75.0) (2 18.00  74.0)   24111   37275   25611   37275
   1.0 28 Black  (2 18.00  74.0) (2 18.00  73.0)   25611   37275   27111   37275
   1.0 28 Black  (2 18.00  73.0) (2 18.00  72.0)   27111   37275   28611   37275
   1.0 28 Black  (2 18.00  72.0) (2 18.00  70.0)   28611   37275   31611   37275
   1.0 28 Black  (2 18.00  70.0) (2 18.00  66.0)   31611   37275   37611   37275
   1.0 28 Black  (2 17.50  60.0) (2 17.00  59.0)   46611   33775   48111   30275
   1.0 28 Black  (2 17.50  59.0) (2 17.00  59.0)   48111   33775   48111   30275
   1.0 28 Black  (2 18.00  44.0) (2 18.00  43.0)   70611   37275   72111   37275
   1.0 28 Black  (2 17.50  39.0) (2 17.00  39.0)   78111   33775   78111   30275
   1.0 28 Black  (2 18.00  39.0) (2 18.00  38.0)   78111   37275   79611   37275
   1.0 28 Black  (2 17.50  20.0) (2 17.00  20.0)  106611   33775  106611   30275
   1.0 28 Black  (2 17.00  19.0) (2 16.00  19.0)  108111   30275  108111   23275
   1.0 28 Black  (2 16.50  20.0) (2 15.50  19.0)  106611   26775  108111   19775
   1.0 28 Black  (2 17.00  20.0) (2 16.00  20.0)  106611   30275  106611   23275
   1.0 28 Black  (2 16.50  39.0) (2 16.00  39.0)   78111   26775   78111   23275
   1.0 28 Black  (2 16.50  40.0) (2 17.00  40.0)   76611   26775   76611   30275
   1.0 28 Black  (2 16.50  59.0) (2 16.00  59.0)   48111   26775   48111   23275
   1.0 28 Black  (2 15.50  60.0) (2 16.00  59.0)   46611   19775   48111   23275

Page 11
------------------------------------------------------------------------------
AGILENT ICT FIXTURE WIRING REPORT          Wed Dec 30 22:17:31 2020

/Users/talhasehgal/Desktop/_dev/fixture-processor/references/reference_example1/wires
------------------------------------------------------------------------------

                |     From      |     To        |     From      |      To
Length|Ga|Color |(b   r      c )|(b   r      c )|    X       Y  |    X       Y
------|--|------|---------------|---------------|-------|-------|-------|-------
   1.0 28 Black  (2 15.50  59.0) (2 15.00  59.0)   48111   19775   48111   16275
   1.0 28 Black  (2 15.50  40.0) (2 16.00  39.0)   76611   19775   78111   23275
   1.0 28 Black  (2 16.00  40.0) (2 15.00  40.0)   76611   23275   76611   16275
   1.0 28 Black  (2 15.50  20.0) (2 15.00  20.0)  106611   19775  106611   16275
   1.0 28 Black  (2 14.00  20.0) (2 15.00  19.0)  106611    9275  108111   16275
   1.0 28 Black  (2 14.50  20.0) (2 14.00  20.0)  106611   12775  106611    9275
   1.0 28 Black  (2 13.92  40.0) (2 15.00  39.0)   76611    8706   78111   16275
   1.0 28 Black  (2 14.50  59.0) (2 15.00  60.0)   48111   12775   46611   16275
   1.0 28 Black  (2 14.50  60.0) (2 14.00  60.0)   46611   12775   46611    9275
   1.0 28 Black  (2 12.93  50.0) (2 13.00  49.0)   61611    1768   63111    2275
   1.0 28 Black  (2 11.50  60.0) (2 11.00  60.0)   46611   -8225   46611  -11725
   1.0 28 Black  (2 11.50  59.0) (2 11.00  59.0)   48111   -8225   48111  -11725
   1.0 28 Black  (2 11.50  40.0) (2 11.12  40.0)   76611   -8225   76611  -10876
   1.0 28 Black  (2 11.50  20.0) (2 11.00  20.0)  106611   -8225  106611  -11725
   1.0 28 Black  (2 10.50  19.0) (2 11.00  19.0)  108111  -15225  108111  -11725
   1.0 28 Black  (2 11.50  19.0) (2 10.50  19.0)  108111   -8225  108111  -15225
   1.0 28 Black  (2 10.50  20.0) (2 10.00  20.0)  106611  -15225  106611  -18725
   1.0 28 Black  (2 10.00  39.0) (2 09.00  39.0)   78111  -18725   78111  -25725
   1.0 28 Black  (2 10.60  39.0) (2 09.50  39.0)   78111  -14530   78111  -22225
   1.0 28 Black  (2 10.50  60.0) (2 10.00  59.0)   46611  -15225   48111  -18725
   1.0 28 Black  (2 09.50  60.0) (2 09.00  60.0)   46611  -22225   46611  -25725
   1.0 28 Black  (2 08.50  59.0) (2 09.00  60.0)   48111  -29225   46611  -25725
   1.0 28 Black  (2 09.00  60.0) (2 08.00  59.0)   46611  -25725   48111  -32725
   1.0 28 Black  (2 09.50  59.0) (2 09.00  59.0)   48111  -22225   48111  -25725
   1.0 28 Black  (2 09.50  40.0) (2 09.00  40.0)   76611  -22225   76611  -25725
   1.0 28 Black  (2 08.50  39.0) (2 09.00  40.0)   78111  -29225   76611  -25725
   1.0 28 Black  (2 09.50  20.0) (2 09.00  20.0)  106611  -22225  106611  -25725
   1.0 28 Black  (2 08.50  19.0) (2 09.00  20.0)  108111  -29225  106611  -25725
   1.0 28 Black  (2 09.00  19.0) (2 08.00  19.0)  108111  -25725  108111  -32725
   1.0 28 Black  (2 08.00  19.0) (2 07.00  19.0)  108111  -32725  108111  -39725
   1.0 28 Black  (2 08.00  20.0) (2 07.00  20.0)  106611  -32725  106611  -39725
   1.0 28 Black  (2 07.00  40.0) (2 08.00  39.0)   76611  -39725   78111  -32725
   1.0 28 Black  (2 08.50  60.0) (2 08.00  60.0)   46611  -29225   46611  -32725
   1.0 28 Black  (2 08.00  60.0) (2 07.00  59.0)   46611  -32725   48111  -39725
   1.0 28 Black  (2 07.00  60.0) (2 07.00  59.0)   46611  -39725   48111  -39725
   1.0 28 Black  (2 07.50  60.0) (2 07.00  60.0)   46611  -36225   46611  -39725
   1.0 28 Black  (2 07.50  59.0) (2 07.00  60.0)   48111  -36225   46611  -39725
   1.0 28 Black  (2 07.50  39.0) (2 07.00  39.0)   78111  -36225   78111  -39725
   1.0 28 Black  (2 01.00  50.0) (2 01.00  49.0)   61611  -81725   63111  -81725
   1.5 28 Black  (2 16.50  19.0) (2 15.00  20.0)  108111   26775  106611   16275
   1.5 28 Black  (2 15.50  19.0) (2 17.00  19.0)  108111   19775  108111   30275
   1.5 28 Black  (2 16.50  60.0) (2 15.00  59.0)   46611   26775   48111   16275
   1.5 28 Black  (2 13.00  17.0) [2 13.11  25.2]  111111    2275   98800    3055
   1.5 28 Black  (2 09.50  19.0) (2 11.00  19.0)  108111  -22225  108111  -11725

Page 12
------------------------------------------------------------------------------
AGILENT ICT FIXTURE WIRING REPORT          Wed Dec 30 22:17:31 2020

/Users/talhasehgal/Desktop/_dev/fixture-processor/references/reference_example1/wires
------------------------------------------------------------------------------

                |     From      |     To        |     From      |      To
Length|Ga|Color |(b   r      c )|(b   r      c )|    X       Y  |    X       Y
------|--|------|---------------|---------------|-------|-------|-------|-------
   1.5 28 Black  (2 09.50  39.0) (2 10.93  39.0)   78111  -22225   78111  -12216
   1.5 28 Black  (2 08.50  40.0) (2 07.00  39.0)   76611  -29225   78111  -39725
   2.0 28 Black  (2 14.00  19.0) (2 13.00  11.0)  108111    9275  120111    2275
   2.0 28 Black  (2 11.41  39.0) (2 09.50  39.0)   78111   -8839   78111  -22225
   2.0 28 Black  (2 11.00  19.0) (2 09.00  19.0)  108111  -11725  108111  -25725
   2.0 28 Black  (2 10.00  19.0) (2 08.00  19.0)  108111  -18725  108111  -32725
   2.0 28 Black  (2 10.00  20.0) (2 08.00  20.0)  106611  -18725  106611  -32725
   2.0 28 Black  (2 10.93  39.0) (2 09.00  39.0)   78111  -12216   78111  -25725
   2.0 28 Black  (2 10.00  60.0) (2 08.00  59.0)   46611  -18725   48111  -32725
   2.0 28 Black  (2 09.00  20.0) (2 07.00  20.0)  106611  -25725  106611  -39725
   2.0 28 Black  (2 08.00  59.0) (2 06.00  53.0)   48111  -32725   57111  -46725
   2.5 28 Black  (2 15.00  20.0) (2 13.00  11.0)  106611   16275  120111    2275
   2.5 28 Black  (2 15.00  40.0) (2 12.93  50.0)   76611   16275   61611    1768
   2.5 28 Black  (2 14.00  39.0) (2 12.93  50.0)   78111    9275   61611    1768
   2.5 28 Black  (2 13.00  14.0) [2 13.15  26.6]  115611    2275   96648    3309
   2.5 28 Black  (2 13.00  13.0) [2 13.15  26.6]  117111    2275   96648    3309
   2.5 28 Black  (2 14.00  19.0) (2 13.00  05.0)  108111    9275  129111    2275
   2.5 28 Black  (2 11.00  20.0) (2 08.00  20.0)  106611  -11725  106611  -32725
   2.5 28 Black  (2 07.50  40.0) (2 10.60  39.0)   76611  -36225   78111  -14530
   2.5 28 Black  (2 10.50  59.0) (2 08.00  60.0)   48111  -15225   46611  -32725
   3.0 28 Black  (2 17.50  19.0) (2 14.00  20.0)  108111   33775  106611    9275
   3.0 28 Black  (2 15.00  19.0) (2 13.00  05.0)  108111   16275  129111    2275
   3.5 28 Black  (2 15.00  39.0) (2 18.00  55.0)   78111   16275   54111   37275
   3.5 28 Black  (2 18.00  53.0) [2 13.65  54.2]   57111   37275   55305    6819
   3.5 28 Black  (2 18.00  49.0) [2 13.65  41.6]   63111   37275   74203    6819
   3.5 28 Black  (2 17.50  40.0) (2 17.00  20.0)   76611   33775  106611   30275
   3.5 28 Black  (2 17.00  39.0) (2 17.00  19.0)   78111   30275  108111   30275
   3.5 28 Black  (2 17.00  60.0) (2 17.00  40.0)   46611   30275   76611   30275
   3.5 28 Black  (2 17.00  40.0) (2 16.00  20.0)   76611   30275  106611   23275
   3.5 28 Black  (2 17.00  59.0) (2 16.00  40.0)   48111   30275   76611   23275
   3.5 28 Black  (2 16.00  60.0) (2 16.00  40.0)   46611   23275   76611   23275
   3.5 28 Black  (2 16.00  59.0) (2 13.92  40.0)   48111   23275   76611    8706
   3.5 28 Black  (2 15.50  39.0) (2 15.00  60.0)   78111   19775   46611   16275
   3.5 28 Black  (2 16.00  39.0) (2 15.00  19.0)   78111   23275  108111   16275
   3.5 28 Black  (2 14.38  39.0) (2 15.50  20.0)   78111   11912  106611   19775
   3.5 28 Black  (2 14.50  19.0) (2 13.92  40.0)  108111   12775   76611    8706
   3.5 28 Black  (2 15.00  60.0) (2 15.00  39.0)   46611   16275   78111   16275
   3.5 28 Black  (2 15.00  59.0) (2 15.00  40.0)   48111   16275   76611   16275
   3.5 28 Black  (2 14.00  60.0) (2 14.00  39.0)   46611    9275   78111    9275
   3.5 28 Black  (2 14.00  59.0) (2 14.00  39.0)   48111    9275   78111    9275
   3.5 28 Black  (2 11.00  60.0) (2 10.00  39.0)   46611  -11725   78111  -18725
   3.5 28 Black  (2 11.12  40.0) (2 10.00  19.0)   76611  -10876  108111  -18725
   3.5 28 Black  (2 10.00  40.0) (2 10.00  19.0)   76611  -18725  108111  -18725
   3.5 28 Black  (2 08.00  13.0) [2 10.95  29.0]  117111  -32725   93101  -12079

Page 13
------------------------------------------------------------------------------
AGILENT ICT FIXTURE WIRING REPORT          Wed Dec 30 22:17:31 2020

/Users/talhasehgal/Desktop/_dev/fixture-processor/references/reference_example1/wires
------------------------------------------------------------------------------

                |     From      |     To        |     From      |      To
Length|Ga|Color |(b   r      c )|(b   r      c )|    X       Y  |    X       Y
------|--|------|---------------|---------------|-------|-------|-------|-------
   3.5 28 Black  (2 10.00  59.0) (2 08.00  40.0)   48111  -18725   76611  -32725
   3.5 28 Black  (2 09.00  59.0) (2 07.00  40.0)   48111  -25725   76611  -39725
   3.5 28 Black  (2 09.00  40.0) (2 09.00  19.0)   76611  -25725  108111  -25725
   4.0 28 Black  (2 13.00  49.0) (2 18.00  53.0)   63111    2275   57111   37275
   4.0 28 Black  (2 13.00  49.0) (2 18.00  49.0)   63111    2275   63111   37275
   4.0 28 Black  (2 14.50  17.0) [2 13.65  41.6]  111111   12775   74203    6819
   4.0 28 Black  (2 11.00  59.0) (2 08.00  40.0)   48111  -11725   76611  -32725
   4.0 28 Black  (2 08.00  09.0) [2 11.11  26.5]  123111  -32725   96898  -10949
   4.0 28 Black  (2 07.50  19.0) (2 10.00  39.0)  108111  -36225   78111  -18725
   4.0 28 Black  (2 08.50  20.0) (2 10.93  39.0)  106611  -29225   78111  -12216
   4.0 28 Black  (2 06.00  49.0) [2 10.41  39.9]   63111  -46725   76744  -15829
   4.0 28 Black  (2 01.00  49.0) (2 06.00  49.0)   63111  -81725   63111  -46725
   4.0 28 Black  (2 01.00  49.0) (2 06.00  51.0)   63111  -81725   60111  -46725
   4.5 28 Black  (2 08.00  01.0) [2 10.41  25.2]  135111  -32725   98800  -15843
   4.5 28 Black  (2 08.00  05.0) [2 10.75  26.6]  129111  -32725   96723  -13447
   5.0 28 Black  (2 16.00  19.0) (2 18.00  49.0)  108111   23275   63111   37275
   5.0 28 Black  (2 14.50  09.0) [2 13.11  39.9]  123111   12775   76744    3069
   5.0 28 Black  (2 08.50  13.0) [2 13.65  29.0]  117111  -29225   93101    6819
   5.0 28 Black  (2 08.50  05.0) [2 13.45  26.6]  129111  -29225   96723    5451
   5.0 28 Black  (2 08.50  09.0) [2 13.81  26.5]  123111  -29225   96898    7949
   5.0 28 Black  (2 09.00  39.0) (2 13.00  17.0)   78111  -25725  111111    2275
   5.0 28 Black  (2 07.00  03.0) [2 10.41  27.3]  132111  -39725   95642  -15829
   5.0 28 Black  (2 07.00  59.0) (2 01.00  50.0)   48111  -39725   61611  -81725
   5.0 28 Black  (2 07.00  39.0) (2 01.00  50.0)   78111  -39725   61611  -81725
   5.0 28 Black  (2 07.00  20.0) (2 06.00  51.0)  106611  -39725   60111  -46725
   5.0 28 Black  (2 07.00  19.0) (2 06.00  49.0)  108111  -39725   63111  -46725
   5.5 28 Black  (2 18.00  55.0) [2 10.95  54.2]   54111   37275   55305  -12079
   5.5 28 Black  (2 16.00  20.0) (2 18.00  53.0)  106611   23275   57111   37275
   5.5 28 Black  (2 14.50  05.0) [2 13.45  39.2]  129111   12775   77825    5451
   5.5 28 Black  (2 13.00  05.0) [2 13.11  37.8]  129111    2275   79902    3055
   5.5 28 Black  (2 08.50  01.0) [2 13.11  25.2]  135111  -29225   98800    3055
   5.5 28 Black  (2 08.00  39.0) (2 13.00  17.0)   78111  -32725  111111    2275
   5.5 28 Black  (2 07.50  09.0) [2 11.11  39.1]  123111  -36225   78000  -10949
   5.5 28 Black  (2 06.00  51.0) [2 10.95  29.0]   60111  -46725   93101  -12079
   5.5 28 Black  (2 07.50  13.0) [2 10.95  41.6]  117111  -36225   74203  -12079
   5.5 28 Black  (2 07.50  20.0) (2 01.00  05.0)  106611  -36225  129111  -81725
   5.5 28 Black  (2 07.00  19.0) (2 06.00  53.0)  108111  -39725   57111  -46725
   6.0 28 Black  (2 16.00  19.0) (2 18.00  55.0)  108111   23275   54111   37275
   6.0 28 Black  (2 14.50  01.0) [2 13.11  37.8]  135111   12775   79902    3055
   6.0 28 Black  (2 15.00  17.0) [2 13.65  54.2]  111111   16275   55305    6819
   6.0 28 Black  (2 13.00  02.0) [2 13.15  39.2]  133611    2275   77750    3309
   6.0 28 Black  (2 13.00  01.0) [2 13.15  39.2]  135111    2275   77750    3309
   6.0 28 Black  (2 14.00  01.0) [2 13.81  39.1]  135111    9275   78000    7949
   6.0 28 Black  (2 07.00  05.0) [2 13.11  27.3]  129111  -39725   95642    3069

Page 14
------------------------------------------------------------------------------
AGILENT ICT FIXTURE WIRING REPORT          Wed Dec 30 22:17:31 2020

/Users/talhasehgal/Desktop/_dev/fixture-processor/references/reference_example1/wires
------------------------------------------------------------------------------

                |     From      |     To        |     From      |      To
Length|Ga|Color |(b   r      c )|(b   r      c )|    X       Y  |    X       Y
------|--|------|---------------|---------------|-------|-------|-------|-------
   6.0 28 Black  (2 07.50  05.0) [2 10.41  39.9]  129111  -36225   76744  -15829
   6.0 28 Black  (2 07.00  40.0) (2 01.00  17.0)   76611  -39725  111111  -81725
   6.5 28 Black  (2 13.00  11.0) [2 13.11  50.4]  120111    2275   61004    3055
   6.5 28 Black  (2 07.50  01.0) [2 10.41  37.8]  135111  -36225   79902  -15843
   6.5 28 Black  (2 08.00  40.0) (2 01.00  17.0)   76611  -32725  111111  -81725
   7.0 28 Black  (2 15.50  17.0) [2 10.95  54.2]  111111   19775   55305  -12079
   7.0 28 Black  (2 15.00  09.0) [2 13.11  52.5]  123111   16275   57846    3069
   7.0 28 Black  (2 13.00  08.0) [2 13.81  51.7]  124611    2275   59102    7949
   7.0 28 Black  (2 13.00  07.0) [2 13.81  51.7]  126111    2275   59102    7949
   7.0 28 Black  (2 06.00  53.0) [2 13.65  29.0]   57111  -46725   93101    6819
   7.0 28 Black  (2 01.00  17.0) [2 10.41  25.2]  111111  -81725   98800  -15843
   7.0 28 Black  (2 07.00  01.0) [2 10.75  39.2]  135111  -39725   77825  -13447
   7.5 28 Black  (2 15.50  13.0) [2 10.41  52.5]  117111   19775   57846  -15829
   7.5 28 Black  (2 15.00  05.0) [2 13.15  51.8]  129111   16275   58852    3309
   7.5 28 Black  (2 14.00  05.0) [2 11.11  51.7]  129111    9275   59102  -10949
   7.5 28 Black  (2 01.00  14.0) [2 10.45  26.6]  115611  -81725   96648  -15589
   7.5 28 Black  (2 01.00  13.0) [2 10.45  26.6]  117111  -81725   96648  -15589
   7.5 28 Black  (2 08.00  39.0) (2 01.00  05.0)   78111  -32725  129111  -81725
   8.0 28 Black  (2 15.00  01.0) [2 13.11  50.4]  135111   16275   61004    3055
   8.0 28 Black  (2 14.00  03.0) [2 13.45  51.8]  132111    9275   58927    5451
   9.0 28 Black  (2 15.50  05.0) [2 10.75  51.8]  129111   19775   58927  -13447
   9.0 28 Black  (2 15.50  01.0) [2 10.41  50.4]  135111   19775   61004  -15843
   9.0 28 Black  (2 12.92  25.0) (2 01.00  25.0)   99111    1690   99111  -81725
   9.0 28 Black  (2 13.00  26.0) (2 01.00  26.0)   97611    2275   97611  -81725
   9.0 28 Black  (2 01.00  05.0) [2 10.41  37.8]  129111  -81725   79902  -15843
  10.0 28 Black  (2 14.00  19.0) (2 01.00  11.0)  108111    9275  120111  -81725
  10.0 28 Black  (2 01.00  02.0) [2 10.45  39.2]  133611  -81725   77750  -15589
  10.0 28 Black  (2 01.00  01.0) [2 10.45  39.2]  135111  -81725   77750  -15589
  10.0 28 Black  (2 01.00  11.0) [2 10.41  50.4]  120111  -81725   61004  -15843
  10.0 28 Black  (2 01.00  08.0) [2 10.45  51.8]  124611  -81725   58852  -15589
  10.0 28 Black  (2 01.00  07.0) [2 10.45  51.8]  126111  -81725   58852  -15589
