This fixture has throughput multiplier
Ensure the ground plane is split along the modules.
20149
20150
20219
20220
20239
20240
20259
20260
202119
202120
202139
202140
202159
202160
20319
20320
20339
20340
20359
20360
203119
203120
203139
203140
203159
203160
20419
20420
20439
20440
20459
20460
204119
204120
204139
204140
204159
204160
20519
20520
20539
20540
20559
20560
205119
205120
205139
205140
205159
205160
20719
20720
20739
20740
20759
20760
207119
207120
207139
207140
207159
207160
20819
20820
20839
20840
20859
20860
208119
208120
208139
208140
208159
208160
20919
20920
20939
20940
20959
20960
209119
209120
209139
209140
209159
209160
21019
21020
21039
21040
21059
21060
210119
210120
210139
210140
210159
210160
21119
21120
21139
21140
21159
21160
211119
211120
211139
211140
211159
211160
21349
21350
21419
21420
21439
21440
21459
21460
214119
214120
214139
214140
214159
214160
21519
21520
21539
21540
21559
21560
215119
215120
215139
215140
215159
215160
21619
21620
21639
21640
21659
21660
216119
216120
216139
216140
216159
216160
21719
21720
21739
21740
21759
21760
217119
217120
217139
217140
217159
217160
21919
21920
21939
21940
21959
21960
219119
219120
219139
219140
219159
219160
22019
22020
22039
22040
22059
22060
220119
220120
220139
220140
220159
220160
22119
22120
22159
22160
221139
221140
221159
221160
